Timestep_0
Temperature
<HDF5 dataset "Temperature": shape (16, 16), type "<f4">
(16, 16) float32
(16, 16) float32
[[ 20.        20.        20.        20.        20.       100.
  100.       100.       100.       100.       100.        20.
   20.        20.        20.        20.      ]
 [ 20.        20.        20.        20.        20.       100.
  100.       100.       100.       100.       100.        20.
   20.        20.        20.        20.      ]
 [ 20.        20.        20.        20.000002  20.        41.362747
   37.760002  37.760002  37.760002  37.760002  41.362747  20.
   20.000002  20.        20.        20.      ]
 [ 20.        20.        20.        20.        20.000004  32.83707
   29.441412  29.152103  29.152103  29.441412  32.83707   20.000004
   20.        20.        20.        20.      ]
 [ 20.        20.        20.000004  20.000002  20.000002  20.
   20.        20.        20.        20.        20.        20.000002
   20.000002  20.000004  20.        20.      ]
 [ 20.        20.        20.        20.        20.000002  20.000004
   20.000002  20.        20.        20.        20.000004  20.000002
   20.        20.        20.        20.      ]
 [ 20.        20.        20.000002  20.        20.        20.
   20.        20.        20.        20.        20.        20.
   20.        20.        20.        20.      ]
 [ 20.        20.        20.        20.        20.000002  20.000002
   20.000002  20.        20.        20.        20.000002  20.
   20.        20.        20.        20.      ]
 [ 20.        20.        20.000002  20.        20.        20.
   20.        20.        20.        20.        20.        20.
   20.        20.        20.        20.      ]
 [ 20.        20.        20.        20.        20.000002  20.000002
   20.000002  20.        20.        20.        20.000002  20.
   20.        20.        20.        20.      ]
 [ 20.        20.        20.000002  20.        20.        20.
   20.        20.        20.        20.        20.        20.
   20.        20.        20.        20.      ]
 [ 20.        20.        20.        20.        20.000002  20.
   20.        20.000002  20.        20.        20.        20.
   20.        20.        20.        20.      ]
 [ 20.        20.        20.000004  20.000002  20.000002  20.
   20.        20.        20.        20.        20.        20.000002
   20.000002  20.000004  20.        20.      ]
 [ 20.        20.        20.        20.        20.        20.000004
   20.        20.        20.        20.        20.000004  20.
   20.        20.        20.        20.      ]
 [ 20.        20.        20.        20.        20.        20.
   20.        20.        20.        20.        20.        20.
   20.        20.        20.        20.      ]
 [ 20.        20.        20.        20.        20.        20.
   20.        20.        20.        20.        20.        20.
   20.        20.        20.        20.      ]]
Timestep_1
Temperature
<HDF5 dataset "Temperature": shape (16, 16), type "<f4">
(16, 16) float32
(16, 16) float32
[[ 20.        20.        20.        20.        20.       100.
  100.       100.       100.       100.       100.        20.
   20.        20.        20.        20.      ]
 [ 20.        20.        20.        20.        20.       100.
  100.       100.       100.       100.       100.        20.
   20.        20.        20.        20.      ]
 [ 20.        20.        70.752846  77.89686   81.171     88.22026
   87.18822   87.93448   87.9258    87.176895  88.2164    81.17343
   77.98866   70.86771   20.        20.      ]
 [ 20.        20.        68.34432   74.687454  78.90916   84.40526
   81.278275  81.60043   81.58959   81.26251   84.39915   78.91023
   74.72876   68.41909   20.        20.      ]
 [ 20.        20.        61.944435  64.64845   70.25112   73.37854
   72.684906  73.026375  72.962364  72.611244  73.372955  70.27882
   64.77764   62.09892   20.        20.      ]
 [ 20.        20.        56.96729   59.42386   67.42394   68.796394
   66.09441   66.14848   66.13047   66.06484   68.78352   67.43101
   59.543945  57.111217  20.        20.      ]
 [ 20.        20.        54.205765  55.485218  57.04457   58.254593
   59.03885   59.241905  59.18688   58.974735  58.254005  57.082973
   55.61048   54.356606  20.        20.      ]
 [ 20.        20.        49.093243  50.3185    52.39426   53.045296
   53.783535  53.7641    53.74859   53.75718   53.034546  52.406788
   50.42801   49.22523   20.        20.      ]
 [ 20.        20.        46.186466  46.724354  47.29322   47.818806
   48.471268  48.56859   48.527588  48.423733  47.82229   47.330135
   46.83017   46.315044  20.        20.      ]
 [ 20.        20.        42.19668   42.798695  43.800728  44.088135
   44.79429   44.7363    44.724586  44.77428   44.081398  43.81373
   42.889122  42.30645   20.        20.      ]
 [ 20.        20.        40.17589   40.363075  40.597992  40.798916
   41.28978   41.324375  41.29401   41.255116  40.80405   40.63017
   40.448776  40.280617  20.        20.      ]
 [ 20.        20.        37.692776  37.974457  38.531555  38.038
   39.304623  39.228577  39.219864  39.28991   38.034004  38.543804
   38.047268  37.78213   20.        20.      ]
 [ 20.        20.        37.025017  37.031998  37.137672  36.985226
   37.57326   37.58033   37.557537  37.547802  36.989944  37.165676
   37.101757  37.111008  20.        20.      ]
 [ 20.        20.        35.12859   35.339207  35.716335  35.735237
   36.51773   36.441467  36.435688  36.508038  35.732098  35.721863
   35.370937  35.202564  20.        20.      ]
 [ 20.        20.        20.        20.        20.        20.
   20.        20.        20.        20.        20.        20.
   20.        20.        20.        20.      ]
 [ 20.        20.        20.        20.        20.        20.
   20.        20.        20.        20.        20.        20.
   20.        20.        20.        20.      ]]
Timestep_10
Temperature
<HDF5 dataset "Temperature": shape (16, 16), type "<f4">
(16, 16) float32
(16, 16) float32
[[ 20.        20.        20.        20.        20.       100.
  100.       100.       100.       100.       100.        20.
   20.        20.        20.        20.      ]
 [ 20.        20.        20.        20.        20.       100.
  100.       100.       100.       100.       100.        20.
   20.        20.        20.        20.      ]
 [ 20.        20.        87.216484  91.15411   93.0375    96.00452
   95.755646  96.10081   96.08949   95.74332   96.00481   93.05417
   91.29781   87.41608   20.        20.      ]
 [ 20.        20.        86.736374  90.40568   92.62158   94.9395
   94.04119   94.22735   94.21264   94.022026  94.93715   92.63696
   90.49325   86.89012   20.        20.      ]
 [ 20.        20.        85.72772   87.40553   89.78959   91.314
   91.45749   91.67489   91.587364  91.36097   91.32499   89.86306
   87.652885  86.028076  20.        20.      ]
 [ 20.        20.        83.10364   85.28056   89.389755  90.30058
   89.60789   89.67188   89.64389   89.56396   90.29004   89.42282
   85.530655  83.40564   20.        20.      ]
 [ 20.        20.        83.380035  84.626686  85.79575   86.710724
   87.41154   87.58974   87.49719   87.30926   86.732635  85.90039
   84.89957   83.709366  20.        20.      ]
 [ 20.        20.        80.64544   82.45568   84.88995   85.55399
   85.910446  85.951866  85.9222    85.862595  85.54358   84.93783
   82.72108   80.96445   20.        20.      ]
 [ 20.        20.        80.773605  81.8086    82.69948   83.42088
   84.11362   84.26614   84.17723   84.01601   83.447624  82.8114
   82.08425   81.10629   20.        20.      ]
 [ 20.        20.        78.24349   79.87318   82.02728   82.59828
   82.95351   82.98753   82.95901   82.90756   82.58981   82.07742
   80.1351    78.55833   20.        20.      ]
 [ 20.        20.        78.466034  79.401924  80.2086    80.839775
   81.519165  81.65983   81.575584  81.427505  80.8669    80.31837
   79.66741   78.786514  20.        20.      ]
 [ 20.        20.        76.182724  77.7312    79.793205  79.88475
   80.708626  80.74048   80.71466   80.667465  79.8775    79.84213
   77.97496   76.477806  20.        20.      ]
 [ 20.        20.        76.61593   77.493576  78.27294   78.748886
   79.57634   79.7186    79.6446    79.49711   78.77151   78.37547
   77.7339    76.90769   20.        20.      ]
 [ 20.        20.        71.944046  75.59725   77.28951   77.77208
   78.65077   78.67406   78.65564   78.621346  77.76499   77.31389
   75.71184   72.20286   20.        20.      ]
 [ 20.        20.        20.        20.        20.        20.
   20.        20.        20.        20.        20.        20.
   20.        20.        20.        20.      ]
 [ 20.        20.        20.        20.        20.        20.
   20.        20.        20.        20.        20.        20.
   20.        20.        20.        20.      ]]
Timestep_11
Temperature
<HDF5 dataset "Temperature": shape (16, 16), type "<f4">
(16, 16) float32
(16, 16) float32
[[ 20.        20.        20.        20.        20.       100.
  100.       100.       100.       100.       100.        20.
   20.        20.        20.        20.      ]
 [ 20.        20.        20.        20.        20.       100.
  100.       100.       100.       100.       100.        20.
   20.        20.        20.        20.      ]
 [ 20.        20.        87.24296   91.1754    93.05652   96.017
   95.76941   96.113914  96.10259   95.757065  96.01728   93.07321
   91.31918   87.44268   20.        20.      ]
 [ 20.        20.        86.765976  90.43093   92.643585  94.95641
   94.061745  94.247665  94.232956  94.04256   94.954056  92.65899
   90.51857   86.919846  20.        20.      ]
 [ 20.        20.        85.76616   87.44228   89.82108   91.342926
   91.4878    91.705     91.61744   91.39124   91.35393   89.89464
   87.68982   86.06674   20.        20.      ]
 [ 20.        20.        83.14599   85.32242   89.42527   90.33539
   89.64603   89.71004   89.68203   89.602066  90.324844  89.45837
   85.57272   83.44822   20.        20.      ]
 [ 20.        20.        83.42749   84.67407   85.842514  86.75701
   87.45772   87.63588   87.54329   87.35536   86.77897   85.94724
   84.9472    83.757095  20.        20.      ]
 [ 20.        20.        80.69696   82.50815   84.94304   85.60711
   85.962975  86.0045    85.97481   85.91509   85.59671   84.99097
   82.773796  81.01625   20.        20.      ]
 [ 20.        20.        80.830315  81.86614   82.75756   83.47929
   84.172104  84.32474   84.23575   84.07442   83.50607   82.86958
   82.142044  81.16333   20.        20.      ]
 [ 20.        20.        78.30281   79.93421   82.09024   82.66171
   83.01637   83.050545  83.02201   82.97038   82.65326   82.14044
   80.196396  78.617966  20.        20.      ]
 [ 20.        20.        78.529236  79.4664    80.27404   80.90594
   81.58565   81.72649   81.64215   81.4939    80.93309   80.38392
   79.73217   78.850075  20.        20.      ]
 [ 20.        20.        76.246414  77.79703   79.86156   79.95415
   80.77721   80.80926   80.78341   80.736     79.946884  79.91054
   78.04106   76.54183   20.        20.      ]
 [ 20.        20.        76.68154   77.56067   78.34117   78.8182
   79.64603   79.78853   79.71444   79.56671   78.84085   78.44382
   77.80126   76.97363   20.        20.      ]
 [ 20.        20.        72.00509   75.66414   77.358604  77.841965
   78.72077   78.74423   78.72581   78.69132   77.83487   77.38301
   75.77886   72.2642    20.        20.      ]
 [ 20.        20.        20.        20.        20.        20.
   20.        20.        20.        20.        20.        20.
   20.        20.        20.        20.      ]
 [ 20.        20.        20.        20.        20.        20.
   20.        20.        20.        20.        20.        20.
   20.        20.        20.        20.      ]]
Timestep_12
Temperature
<HDF5 dataset "Temperature": shape (16, 16), type "<f4">
(16, 16) float32
(16, 16) float32
[[ 20.        20.        20.        20.        20.       100.
  100.       100.       100.       100.       100.        20.
   20.        20.        20.        20.      ]
 [ 20.        20.        20.        20.        20.       100.
  100.       100.       100.       100.       100.        20.
   20.        20.        20.        20.      ]
 [ 20.        20.        87.25707   91.18676   93.066666  96.02365
   95.77673   96.1209    96.10959   95.7644    96.02395   93.08337
   91.33058   87.45688   20.        20.      ]
 [ 20.        20.        86.78176   90.44442   92.65532   94.96544
   94.07269   94.25852   94.24381   94.05352   94.96309   92.670746
   90.5321    86.9357    20.        20.      ]
 [ 20.        20.        85.78666   87.46189   89.83789   91.35835
   91.50397   91.72107   91.63349   91.4074    91.36938   89.911476
   87.709526  86.08737   20.        20.      ]
 [ 20.        20.        83.16858   85.34477   89.444214  90.35396
   89.666374  89.7304    89.702385  89.62241   90.343414  89.47734
   85.595184  83.47095   20.        20.      ]
 [ 20.        20.        83.45281   84.69938   85.86747   86.781715
   87.48236   87.6605    87.56788   87.37997   86.80369   85.97226
   84.97261   83.78256   20.        20.      ]
 [ 20.        20.        80.72444   82.536156  84.97137   85.63545
   85.991005  86.03258   86.00288   85.94311   85.625046  85.01932
   82.80193   81.0439    20.        20.      ]
 [ 20.        20.        80.86059   81.89684   82.78855   83.51046
   84.20332   84.356     84.26698   84.10559   83.53726   82.90065
   82.17291   81.19377   20.        20.      ]
 [ 20.        20.        78.334465  79.966774  82.12383   82.69558
   83.04992   83.08418   83.055626  83.003914  82.68712   82.17407
   80.22912   78.6498    20.        20.      ]
 [ 20.        20.        78.56297   79.5008    80.30895   80.94125
   81.621124  81.76207   81.6777    81.529335  80.96843   80.41892
   79.76674   78.884     20.        20.      ]
 [ 20.        20.        76.2804    77.832146  79.89805   79.991196
   80.81382   80.84598   80.8201    80.77259   79.98393   79.94707
   78.07634   76.57601   20.        20.      ]
 [ 20.        20.        76.71654   77.59646   78.37757   78.8552
   79.68323   79.82586   79.75171   79.60386   78.87787   78.4803
   77.83722   77.00883   20.        20.      ]
 [ 20.        20.        72.03767   75.699844  77.39549   77.87927
   78.75813   78.78169   78.76325   78.72867   77.872185  77.419914
   75.814644  72.29696   20.        20.      ]
 [ 20.        20.        20.        20.        20.        20.
   20.        20.        20.        20.        20.        20.
   20.        20.        20.        20.      ]
 [ 20.        20.        20.        20.        20.        20.
   20.        20.        20.        20.        20.        20.
   20.        20.        20.        20.      ]]
Timestep_13
Temperature
<HDF5 dataset "Temperature": shape (16, 16), type "<f4">
(16, 16) float32
(16, 16) float32
[[ 20.        20.        20.        20.        20.       100.
  100.       100.       100.       100.       100.        20.
   20.        20.        20.        20.      ]
 [ 20.        20.        20.        20.        20.       100.
  100.       100.       100.       100.       100.        20.
   20.        20.        20.        20.      ]
 [ 20.        20.        87.26462   91.19282   93.07208   96.027214
   95.78065   96.12465   96.11332   95.76832   96.027504  93.0888
   91.33667   87.46446   20.        20.      ]
 [ 20.        20.        86.7902    90.45161   92.6616    94.970245
   94.07854   94.26431   94.249596  94.05937   94.96791   92.67701
   90.53931   86.94417   20.        20.      ]
 [ 20.        20.        85.79761   87.47236   89.84686   91.36659
   91.5126    91.729645  91.64206   91.416016  91.37762   89.92047
   87.720055  86.09838   20.        20.      ]
 [ 20.        20.        83.180626  85.3567    89.45433   90.36388
   89.677246  89.74126   89.71324   89.63327   90.35333   89.487465
   85.60717   83.483086  20.        20.      ]
 [ 20.        20.        83.46633   84.71286   85.88078   86.79489
   87.495514  87.673645  87.581     87.39311   86.81688   85.985596
   84.986176  83.79616   20.        20.      ]
 [ 20.        20.        80.73912   82.551094  84.98648   85.65057
   86.00597   86.04757   86.01785   85.95805   85.640175  85.034454
   82.81695   81.05866   20.        20.      ]
 [ 20.        20.        80.876724  81.91322   82.80508   83.5271
   84.219986  84.37269   84.28364   84.12223   83.5539    82.91722
   82.18937   81.21002   20.        20.      ]
 [ 20.        20.        78.351364  79.98415   82.14176   82.713646
   83.06782   83.10213   83.07356   83.02181   82.705185  82.192024
   80.246574  78.666794  20.        20.      ]
 [ 20.        20.        78.580986  79.519165  80.32759   80.9601
   81.64006   81.78106   81.69665   81.54823   80.98728   80.437584
   79.78518   78.9021    20.        20.      ]
 [ 20.        20.        76.298546  77.85089   79.91751   80.010956
   80.83334   80.865555  80.83967   80.792114  80.00369   79.966545
   78.095146  76.59423   20.        20.      ]
 [ 20.        20.        76.73523   77.61556   78.39701   78.87494
   79.70308   79.845764  79.7716    79.62369   78.89761   78.49974
   77.8564    77.0276    20.        20.      ]
 [ 20.        20.        72.05506   75.71889   77.41516   77.89917
   78.77806   78.801674  78.78322   78.7486    77.892075  77.4396
   75.833725  72.31442   20.        20.      ]
 [ 20.        20.        20.        20.        20.        20.
   20.        20.        20.        20.        20.        20.
   20.        20.        20.        20.      ]
 [ 20.        20.        20.        20.        20.        20.
   20.        20.        20.        20.        20.        20.
   20.        20.        20.        20.      ]]
Timestep_14
Temperature
<HDF5 dataset "Temperature": shape (16, 16), type "<f4">
(16, 16) float32
(16, 16) float32
[[ 20.        20.        20.        20.        20.       100.
  100.       100.       100.       100.       100.        20.
   20.        20.        20.        20.      ]
 [ 20.        20.        20.        20.        20.       100.
  100.       100.       100.       100.       100.        20.
   20.        20.        20.        20.      ]
 [ 20.        20.        87.26864   91.196045  93.074974  96.0291
   95.78274   96.12665   96.11532   95.7704    96.0294    93.09169
   91.33992   87.468506  20.        20.      ]
 [ 20.        20.        86.79469   90.45546   92.66494   94.972824
   94.08167   94.26741   94.252686  94.062485  94.970474  92.68036
   90.54316   86.948685  20.        20.      ]
 [ 20.        20.        85.803444  87.47794   89.85165   91.370995
   91.51722   91.73424   91.64663   91.420616  91.38202   89.92526
   87.72567   86.10426   20.        20.      ]
 [ 20.        20.        83.18705   85.36306   89.45973   90.36916
   89.683044  89.74706   89.71904   89.63906   90.35862   89.492874
   85.61356   83.48956   20.        20.      ]
 [ 20.        20.        83.473526  84.72006   85.88788   86.801926
   87.50253   87.68066   87.588005  87.40012   86.82391   85.99273
   84.993416  83.80342   20.        20.      ]
 [ 20.        20.        80.74694   82.55907   84.994545  85.65866
   86.01395   86.05557   86.025856  85.96604   85.64825   85.042534
   82.82497   81.06654   20.        20.      ]
 [ 20.        20.        80.88534   81.92196   82.8139    83.53597
   84.22887   84.38159   84.29253   84.13111   83.5628    82.92607
   82.19816   81.21869   20.        20.      ]
 [ 20.        20.        78.36036   79.993416  82.15132   82.72329
   83.07738   83.11171   83.083145  83.031364  82.71483   82.2016
   80.25588   78.67586   20.        20.      ]
 [ 20.        20.        78.590576  79.52895   80.337524  80.970146
   81.65016   81.7912    81.70678   81.558334  80.99736   80.447556
   79.79503   78.91176   20.        20.      ]
 [ 20.        20.        76.30822   77.86089   79.9279    80.021515
   80.84377   80.876015  80.85013   80.802536  80.01425   79.976944
   78.10521   76.60397   20.        20.      ]
 [ 20.        20.        76.7452    77.625755  78.40737   78.885475
   79.71368   79.8564    79.78222   79.63427   78.90816   78.51015
   77.866646  77.03762   20.        20.      ]
 [ 20.        20.        72.06434   75.729065  77.42567   77.909805
   78.7887    78.81234   78.79389   78.75923   77.9027    77.45011
   75.84391   72.32376   20.        20.      ]
 [ 20.        20.        20.        20.        20.        20.
   20.        20.        20.        20.        20.        20.
   20.        20.        20.        20.      ]
 [ 20.        20.        20.        20.        20.        20.
   20.        20.        20.        20.        20.        20.
   20.        20.        20.        20.      ]]
Timestep_15
Temperature
<HDF5 dataset "Temperature": shape (16, 16), type "<f4">
(16, 16) float32
(16, 16) float32
[[ 20.        20.        20.        20.        20.       100.
  100.       100.       100.       100.       100.        20.
   20.        20.        20.        20.      ]
 [ 20.        20.        20.        20.        20.       100.
  100.       100.       100.       100.       100.        20.
   20.        20.        20.        20.      ]
 [ 20.        20.        87.2708    91.197784  93.07652   96.03012
   95.78386   96.1277    96.11637   95.77152   96.03041   93.09324
   91.34165   87.470665  20.        20.      ]
 [ 20.        20.        86.797104  90.457504  92.66673   94.9742
   94.08334   94.26904   94.254326  94.06415   94.97185   92.682144
   90.54521   86.95111   20.        20.      ]
 [ 20.        20.        85.80657   87.48094   89.85421   91.373344
   91.51967   91.736664  91.64906   91.42307   91.38437   89.92783
   87.72867   86.1074    20.        20.      ]
 [ 20.        20.        83.19051   85.36646   89.46261   90.37199
   89.686134  89.750145  89.72214   89.64214   90.36144   89.49575
   85.61698   83.49302   20.        20.      ]
 [ 20.        20.        83.477394  84.72392   85.89169   86.8057
   87.50627   87.684395  87.59173   87.403854  86.82768   85.99653
   84.99728   83.8073    20.        20.      ]
 [ 20.        20.        80.75114   82.56335   84.998856  85.662964
   86.01822   86.05983   86.03012   85.97029   85.65256   85.04684
   82.82924   81.07075   20.        20.      ]
 [ 20.        20.        80.88996   81.92665   82.818634  83.54072
   84.23363   84.386345  84.29728   84.13584   83.56753   82.93078
   82.20284   81.22331   20.        20.      ]
 [ 20.        20.        78.3652    79.99839   82.15645   82.72845
   83.08248   83.11682   83.08826   83.03645   82.71997   82.20671
   80.26086   78.680695  20.        20.      ]
 [ 20.        20.        78.595726  79.5342    80.34285   80.975525
   81.65556   81.7966    81.71218   81.56371   81.002716  80.452866
   79.80028   78.916916  20.        20.      ]
 [ 20.        20.        76.31339   77.86624   79.93346   80.027145
   80.84935   80.88159   80.855705  80.80809   80.01987   79.98248
   78.11057   76.60916   20.        20.      ]
 [ 20.        20.        76.75053   77.63121   78.412926  78.891106
   79.71933   79.862076  79.78789   79.639915  78.91378   78.515686
   77.87211   77.04297   20.        20.      ]
 [ 20.        20.        72.06929   75.73449   77.43128   77.91548
   78.7944    78.81805   78.79958   78.76491   77.90837   77.45571
   75.84935   72.32872   20.        20.      ]
 [ 20.        20.        20.        20.        20.        20.
   20.        20.        20.        20.        20.        20.
   20.        20.        20.        20.      ]
 [ 20.        20.        20.        20.        20.        20.
   20.        20.        20.        20.        20.        20.
   20.        20.        20.        20.      ]]
Timestep_16
Temperature
<HDF5 dataset "Temperature": shape (16, 16), type "<f4">
(16, 16) float32
(16, 16) float32
[[ 20.        20.        20.        20.        20.       100.
  100.       100.       100.       100.       100.        20.
   20.        20.        20.        20.      ]
 [ 20.        20.        20.        20.        20.       100.
  100.       100.       100.       100.       100.        20.
   20.        20.        20.        20.      ]
 [ 20.        20.        87.27193   91.19869   93.07735   96.030655
   95.78445   96.12826   96.11694   95.77212   96.03095   93.09407
   91.34258   87.47183   20.        20.      ]
 [ 20.        20.        86.79836   90.45858   92.66766   94.97492
   94.08423   94.26992   94.25521   94.06505   94.97259   92.683105
   90.546326  86.952385  20.        20.      ]
 [ 20.        20.        85.80821   87.4825    89.85556   91.37458
   91.52098   91.737976  91.650375  91.424385  91.385635  89.92921
   87.73027   86.109085  20.        20.      ]
 [ 20.        20.        83.19232   85.36825   89.46414   90.37349
   89.68778   89.75181   89.723785  89.6438    90.36296   89.49731
   85.6188    83.49487   20.        20.      ]
 [ 20.        20.        83.47942   84.725945  85.89369   86.80768
   87.50827   87.6864    87.59374   87.40586   86.82969   85.998566
   84.99935   83.80937   20.        20.      ]
 [ 20.        20.        80.75334   82.56559   85.00114   85.66526
   86.02049   86.06212   86.032394  85.972565  85.65486   85.04915
   82.83152   81.073006  20.        20.      ]
 [ 20.        20.        80.89238   81.92911   82.82112   83.543236
   84.236145  84.388885  84.29981   84.13839   83.570076  82.93331
   82.20536   81.2258    20.        20.      ]
 [ 20.        20.        78.36773   80.001     82.159164  82.731186
   83.08521   83.11955   83.09099   83.039185  82.72273   82.20946
   80.263535  78.68329   20.        20.      ]
 [ 20.        20.        78.598434  79.53697   80.345665  80.978386
   81.65845   81.799484  81.71506   81.56659   81.00559   80.45572
   79.80309   78.91968   20.        20.      ]
 [ 20.        20.        76.316124  77.86909   79.9364    80.03014
   80.85231   80.88457   80.85868   80.81106   80.02289   79.98546
   78.11344   76.61193   20.        20.      ]
 [ 20.        20.        76.75335   77.63411   78.41587   78.894104
   79.72235   79.8651    79.79092   79.64293   78.916794  78.518654
   77.87503   77.04584   20.        20.      ]
 [ 20.        20.        72.07193   75.73737   77.434265  77.91849
   78.79742   78.821075  78.80263   78.76793   77.91141   77.45871
   75.85226   72.33139   20.        20.      ]
 [ 20.        20.        20.        20.        20.        20.
   20.        20.        20.        20.        20.        20.
   20.        20.        20.        20.      ]
 [ 20.        20.        20.        20.        20.        20.
   20.        20.        20.        20.        20.        20.
   20.        20.        20.        20.      ]]
Timestep_17
Temperature
<HDF5 dataset "Temperature": shape (16, 16), type "<f4">
(16, 16) float32
(16, 16) float32
[[ 20.        20.        20.        20.        20.       100.
  100.       100.       100.       100.       100.        20.
   20.        20.        20.        20.      ]
 [ 20.        20.        20.        20.        20.       100.
  100.       100.       100.       100.       100.        20.
   20.        20.        20.        20.      ]
 [ 20.        20.        87.27255   91.19919   93.07779   96.030945
   95.784775  96.12858   96.11725   95.77243   96.03125   93.094505
   91.34307   87.472435  20.        20.      ]
 [ 20.        20.        86.79905   90.459175  92.66818   94.97531
   94.0847    94.2704    94.25568   94.06552   94.97298   92.68362
   90.546906  86.95307   20.        20.      ]
 [ 20.        20.        85.80911   87.48337   89.85629   91.37525
   91.52168   91.73867   91.65107   91.42509   91.3863    89.92993
   87.731125  86.10997   20.        20.      ]
 [ 20.        20.        83.1933    85.36923   89.464966  90.3743
   89.68866   89.752686  89.72467   89.644684  90.363754  89.498116
   85.61977   83.49584   20.        20.      ]
 [ 20.        20.        83.48052   84.72704   85.894775  86.808754
   87.50934   87.68747   87.594795  87.40692   86.83075   85.99963
   85.00044   83.81046   20.        20.      ]
 [ 20.        20.        80.75454   82.5668    85.00237   85.66649
   86.021706  86.06334   86.033615  85.973785  85.65609   85.05037
   82.83274   81.07419   20.        20.      ]
 [ 20.        20.        80.89369   81.93044   82.822464  83.544586
   84.2375    84.39024   84.30116   84.139725  83.57142   82.93465
   82.20668   81.22711   20.        20.      ]
 [ 20.        20.        78.3691    80.00242   82.16062   82.73265
   83.08666   83.12101   83.092445  83.04064   82.7242    82.21091
   80.264946  78.68466   20.        20.      ]
 [ 20.        20.        78.5999    79.53846   80.34718   80.97991
   81.65997   81.801025  81.7166    81.56813   81.00711   80.45723
   79.80458   78.92114   20.        20.      ]
 [ 20.        20.        76.3176    77.8706    79.93799   80.03174
   80.8539    80.88616   80.86027   80.81266   80.02449   79.987045
   78.11496   76.61342   20.        20.      ]
 [ 20.        20.        76.75487   77.63565   78.417435  78.8957
   79.72395   79.866714  79.792534  79.64453   78.91837   78.52023
   77.87659   77.047356  20.        20.      ]
 [ 20.        20.        72.07332   75.73892   77.43585   77.920105
   78.79904   78.8227    78.80424   78.769554  77.91301   77.4603
   75.85379   72.332794  20.        20.      ]
 [ 20.        20.        20.        20.        20.        20.
   20.        20.        20.        20.        20.        20.
   20.        20.        20.        20.      ]
 [ 20.        20.        20.        20.        20.        20.
   20.        20.        20.        20.        20.        20.
   20.        20.        20.        20.      ]]
Timestep_18
Temperature
<HDF5 dataset "Temperature": shape (16, 16), type "<f4">
(16, 16) float32
(16, 16) float32
[[ 20.        20.        20.        20.        20.       100.
  100.       100.       100.       100.       100.        20.
   20.        20.        20.        20.      ]
 [ 20.        20.        20.        20.        20.       100.
  100.       100.       100.       100.       100.        20.
   20.        20.        20.        20.      ]
 [ 20.        20.        87.272865  91.199455  93.07802   96.0311
   95.784935  96.12873   96.1174    95.7726    96.031395  93.09473
   91.34333   87.472755  20.        20.      ]
 [ 20.        20.        86.79942   90.459496  92.66846   94.975525
   94.08495   94.27065   94.25593   94.06577   94.97319   92.683876
   90.54721   86.95344   20.        20.      ]
 [ 20.        20.        85.809586  87.48381   89.856674  91.37562
   91.52205   91.739044  91.651436  91.42545   91.38665   89.93031
   87.731575  86.11044   20.        20.      ]
 [ 20.        20.        83.19382   85.36974   89.4654    90.374725
   89.68913   89.75316   89.725136  89.64515   90.36418   89.49855
   85.620285  83.496376  20.        20.      ]
 [ 20.        20.        83.4811    84.72763   85.89535   86.809326
   87.5099    87.688034  87.59536   87.407486  86.83132   86.00021
   85.00104   83.81105   20.        20.      ]
 [ 20.        20.        80.75517   82.56745   85.00303   85.667145
   86.022354  86.06399   86.03427   85.97444   85.656746  85.051025
   82.8334    81.07483   20.        20.      ]
 [ 20.        20.        80.89441   81.93115   82.82319   83.54531
   84.238235  84.39096   84.30189   84.14044   83.572136  82.93536
   82.2074    81.22781   20.        20.      ]
 [ 20.        20.        78.369835  80.003174  82.16139   82.73344
   83.08743   83.12179   83.093216  83.04141   82.724976  82.21167
   80.2657    78.685394  20.        20.      ]
 [ 20.        20.        78.600685  79.53926   80.34799   80.980736
   81.6608    81.80185   81.71742   81.56894   81.00793   80.45803
   79.80538   78.92193   20.        20.      ]
 [ 20.        20.        76.3184    77.871414  79.93883   80.03261
   80.854744  80.88702   80.86113   80.8135    80.025345  79.987885
   78.11578   76.61421   20.        20.      ]
 [ 20.        20.        76.755684  77.63649   78.41829   78.89656
   79.72482   79.867584  79.793396  79.6454    78.91924   78.52107
   77.87741   77.04817   20.        20.      ]
 [ 20.        20.        72.0741    75.739746  77.436714  77.920975
   78.799904  78.82358   78.80511   78.770424  77.91388   77.46117
   75.85463   72.333565  20.        20.      ]
 [ 20.        20.        20.        20.        20.        20.
   20.        20.        20.        20.        20.        20.
   20.        20.        20.        20.      ]
 [ 20.        20.        20.        20.        20.        20.
   20.        20.        20.        20.        20.        20.
   20.        20.        20.        20.      ]]
Timestep_19
Temperature
<HDF5 dataset "Temperature": shape (16, 16), type "<f4">
(16, 16) float32
(16, 16) float32
[[ 20.        20.        20.        20.        20.       100.
  100.       100.       100.       100.       100.        20.
   20.        20.        20.        20.      ]
 [ 20.        20.        20.        20.        20.       100.
  100.       100.       100.       100.       100.        20.
   20.        20.        20.        20.      ]
 [ 20.        20.        87.27305   91.199585  93.07814   96.03117
   95.78502   96.12881   96.117485  95.77269   96.03148   93.09486
   91.34347   87.47293   20.        20.      ]
 [ 20.        20.        86.7996    90.45965   92.668594  94.97563
   94.08509   94.270775  94.256065  94.0659    94.9733    92.68402
   90.54738   86.953636  20.        20.      ]
 [ 20.        20.        85.80983   87.484055  89.85687   91.3758
   91.52226   91.73923   91.651634  91.425644  91.38684   89.93052
   87.73183   86.1107    20.        20.      ]
 [ 20.        20.        83.1941    85.37002   89.46562   90.37495
   89.68938   89.7534    89.72539   89.6454    90.36441   89.49879
   85.62057   83.49666   20.        20.      ]
 [ 20.        20.        83.48142   84.72794   85.89566   86.80963
   87.51021   87.68834   87.59567   87.40779   86.83163   86.00052
   85.00134   83.81137   20.        20.      ]
 [ 20.        20.        80.755516  82.5678    85.00337   85.667496
   86.0227    86.06434   86.03461   85.97478   85.65709   85.05138
   82.83374   81.075165  20.        20.      ]
 [ 20.        20.        80.894775  81.93154   82.82357   83.54569
   84.23861   84.39134   84.30227   84.14084   83.57252   82.935745
   82.20777   81.22818   20.        20.      ]
 [ 20.        20.        78.37023   80.00358   82.161804  82.73384
   83.087845  83.12221   83.093636  83.04181   82.72539   82.21208
   80.2661    78.68578   20.        20.      ]
 [ 20.        20.        78.601105  79.539696  80.34843   80.98117
   81.661224  81.80229   81.71785   81.56938   81.00837   80.45846
   79.8058    78.92234   20.        20.      ]
 [ 20.        20.        76.31881   77.87186   79.93928   80.03306
   80.85519   80.88746   80.861565  80.81395   80.025795  79.98833
   78.11621   76.614624  20.        20.      ]
 [ 20.        20.        76.75612   77.63693   78.41874   78.89702
   79.72528   79.868034  79.793846  79.64586   78.91969   78.52151
   77.87785   77.0486    20.        20.      ]
 [ 20.        20.        72.0745    75.74019   77.43717   77.92143
   78.80036   78.824036  78.80557   78.77088   77.91433   77.46161
   75.855064  72.333954  20.        20.      ]
 [ 20.        20.        20.        20.        20.        20.
   20.        20.        20.        20.        20.        20.
   20.        20.        20.        20.      ]
 [ 20.        20.        20.        20.        20.        20.
   20.        20.        20.        20.        20.        20.
   20.        20.        20.        20.      ]]
Timestep_2
Temperature
<HDF5 dataset "Temperature": shape (16, 16), type "<f4">
(16, 16) float32
(16, 16) float32
[[ 20.        20.        20.        20.        20.       100.
  100.       100.       100.       100.       100.        20.
   20.        20.        20.        20.      ]
 [ 20.        20.        20.        20.        20.       100.
  100.       100.       100.       100.       100.        20.
   20.        20.        20.        20.      ]
 [ 20.        20.        78.651726  84.26687   86.88247   91.96659
   91.30701   91.85884   91.848885  91.29521   91.96473   86.89171
   84.38349   78.80705   20.        20.      ]
 [ 20.        20.        77.1613    82.232796  85.50275   89.467514
   87.39471   87.649506  87.636826  87.377335  89.46321   85.510666
   82.29618   77.27375   20.        20.      ]
 [ 20.        20.        73.29546   75.51657   79.60027   81.9571
   81.652054  81.932434  81.85722   81.567505  81.95943   79.6498
   75.70207   73.51943   20.        20.      ]
 [ 20.        20.        69.409164  71.73607   77.901566  79.04265
   77.27095   77.330536  77.3078    77.23457   79.030914  77.921036
   71.91799   69.62826   20.        20.      ]
 [ 20.        20.        68.033005  69.29825   70.67255   71.73828
   72.47452   72.66464   72.59188   72.39239   71.74843   70.7424
   69.49351   68.26845   20.        20.      ]
 [ 20.        20.        63.98491   65.484795  67.72172   68.37413
   68.92088   68.93066   68.908485  68.88444   68.36361   67.751015
   65.66799   64.20527   20.        20.      ]
 [ 20.        20.        62.43415   63.202618  63.918995  64.53119
   65.19621   65.31798   65.25452   65.12525   64.545715  63.991306
   63.38839   62.658813  20.        20.      ]
 [ 20.        20.        59.06265   60.13958   61.668663  62.08232
   62.623215  62.607178  62.587616  62.591125  62.074867  61.69919
   60.310493  59.268658  20.        20.      ]
 [ 20.        20.        58.027126  58.55576   59.05082   59.444336
   60.020775  60.102642  60.04721   59.959644  59.459892  59.1194
   58.725567  58.23279   20.        20.      ]
 [ 20.        20.        55.59044   56.44996   57.69127   57.4447
   58.53055   58.502018  58.48536   58.503582  57.43928   57.72075
   56.60259   55.775864  20.        20.      ]
 [ 20.        20.        55.405094  55.804325  56.214397  56.336933
   57.041862  57.108963  57.062443  56.991543  56.35013   56.277256
   55.9536    55.587032  20.        20.      ]
 [ 20.        20.        52.207157  53.971645  54.94901   55.174774
   56.01722   55.983955  55.97234   55.998432  55.169895  54.963417
   54.042038  52.367283  20.        20.      ]
 [ 20.        20.        20.        20.        20.        20.
   20.        20.        20.        20.        20.        20.
   20.        20.        20.        20.      ]
 [ 20.        20.        20.        20.        20.        20.
   20.        20.        20.        20.        20.        20.
   20.        20.        20.        20.      ]]
Timestep_3
Temperature
<HDF5 dataset "Temperature": shape (16, 16), type "<f4">
(16, 16) float32
(16, 16) float32
[[ 20.        20.        20.        20.        20.       100.
  100.       100.       100.       100.       100.        20.
   20.        20.        20.        20.      ]
 [ 20.        20.        20.        20.        20.       100.
  100.       100.       100.       100.       100.        20.
   20.        20.        20.        20.      ]
 [ 20.        20.        82.67386   87.50132   89.77318   93.863014
   93.396255  93.851     93.84041   93.3842    93.862144  89.78591
   87.63067   82.849976  20.        20.      ]
 [ 20.        20.        81.6578    86.07094   88.84604   92.03733
   90.5159    90.73844   90.72479   90.49768   92.033936  88.85745
   86.14568   81.78965   20.        20.      ]
 [ 20.        20.        79.133064  81.09916   84.384995  86.3509
   86.256325  86.50711   86.42612   86.16615   86.35729   84.445786
   81.31371   79.392914  20.        20.      ]
 [ 20.        20.        75.83905   78.09557   83.295815  84.32864
   83.06323   83.12489   83.09969   83.02331   84.31747   83.32166
   78.30951   76.09709   20.        20.      ]
 [ 20.        20.        75.23805   76.494576  77.77253   78.767426
   79.48693   79.67143   79.58939   79.39533   78.7831    77.85872
   76.72629   75.51758   20.        20.      ]
 [ 20.        20.        71.80584   73.4514    75.78085   76.43866
   76.89595   76.92058   76.89489   76.85414   76.42819   75.81887
   73.67319   72.072525  20.        20.      ]
 [ 20.        20.        71.04227   71.9358    72.73403   73.39742
   74.07538   74.211555  74.136154  73.991905  73.41769   72.82494
   72.16376   71.31765   20.        20.      ]
 [ 20.        20.        68.06486   69.401146  71.22342   71.710846
   72.16459   72.17203   72.14827   72.12599   71.70292   71.26316
   69.61478   68.32197   20.        20.      ]
 [ 20.        20.        67.619     68.33866   68.97988   69.484825
   70.10955   70.21899   70.15004   70.034096  69.50581   69.0678
   68.55339   67.87857   20.        20.      ]
 [ 20.        20.        65.25372   66.43641   68.06265   67.97444
   68.93765   68.93743   68.91647   68.90403   67.968155  68.10126
   66.63181   65.49062   20.        20.      ]
 [ 20.        20.        65.358284  65.98187   66.565125  66.85329
   67.61578   67.71812   67.6587    67.5519    66.87091   66.6466
   66.173874  65.591774  20.        20.      ]
 [ 20.        20.        61.468544  64.11877   65.43146   65.777626
   66.63726   66.63051   66.61569   66.61349   65.77171   65.450554
   64.20991   61.67499   20.        20.      ]
 [ 20.        20.        20.        20.        20.        20.
   20.        20.        20.        20.        20.        20.
   20.        20.        20.        20.      ]
 [ 20.        20.        20.        20.        20.        20.
   20.        20.        20.        20.        20.        20.
   20.        20.        20.        20.      ]]
Timestep_4
Temperature
<HDF5 dataset "Temperature": shape (16, 16), type "<f4">
(16, 16) float32
(16, 16) float32
[[ 20.        20.        20.        20.        20.       100.
  100.       100.       100.       100.       100.        20.
   20.        20.        20.        20.      ]
 [ 20.        20.        20.        20.        20.       100.
  100.       100.       100.       100.       100.        20.
   20.        20.        20.        20.      ]
 [ 20.        20.        84.81831   89.225716  91.314186  94.87396
   94.51007   94.91308   94.90214   94.49787   94.873634  91.32877
   89.36183   85.00551   20.        20.      ]
 [ 20.        20.        84.05526   88.11726   90.62838   93.40738
   92.18009   92.38546   92.37131   92.16143   93.40447   90.64166
   88.19805   84.19744   20.        20.      ]
 [ 20.        20.        82.24624   84.07623   86.93636   88.693855
   88.71166   88.94667   88.8626    88.61849   88.7024    87.003136
   84.30626   82.525185  20.        20.      ]
 [ 20.        20.        79.26847   81.487404  86.17259   87.14783
   86.15278   86.21554   86.18902   86.11096   87.13695   86.20185
   81.7184    79.54723   20.        20.      ]
 [ 20.        20.        79.08166   80.33352   81.56007   82.51723
   83.227905  83.40944   83.32243   83.131256  82.53584   81.65495
   80.584656  79.384674  20.        20.      ]
 [ 20.        20.        75.97875   77.70204   80.080986  80.74173
   81.15141   81.18397   81.1564    81.10675   80.73129   80.12365
   77.94441   76.27012   20.        20.      ]
 [ 20.        20.        75.63613   76.59644   77.43841   78.12917
   78.81411   78.95801   78.87623   78.72396   78.152504  77.539215
   76.84691   75.93855   20.        20.      ]
 [ 20.        20.        72.86987   74.34466   76.32356   76.85044
   77.25767   77.27766   77.251656  77.21561   76.842255  76.36821
   74.58106   73.154205  20.        20.      ]
 [ 20.        20.        72.739525  73.561264  74.28058   74.84511
   75.495636  75.61981   75.54364   75.41253   74.868996  74.37881
   73.799934  73.02783   20.        20.      ]
 [ 20.        20.        70.412926  71.7683    73.600235  73.59688
   74.494316  74.50924   74.485985  74.45713   73.59014   73.643715
   71.98652   70.67729   20.        20.      ]
 [ 20.        20.        70.67263   71.416145  72.09197   72.46878
   73.26193   73.38312   73.31682   73.1908    72.488754  72.18338
   71.63096   70.933624  20.        20.      ]
 [ 20.        20.        66.413666  69.537346  71.02922   71.439766
   72.30841   72.315834  72.29932   72.28197   71.43331   71.050804
   69.63955   66.64484   20.        20.      ]
 [ 20.        20.        20.        20.        20.        20.
   20.        20.        20.        20.        20.        20.
   20.        20.        20.        20.      ]
 [ 20.        20.        20.        20.        20.        20.
   20.        20.        20.        20.        20.        20.
   20.        20.        20.        20.      ]]
Timestep_5
Temperature
<HDF5 dataset "Temperature": shape (16, 16), type "<f4">
(16, 16) float32
(16, 16) float32
[[ 20.        20.        20.        20.        20.       100.
  100.       100.       100.       100.       100.        20.
   20.        20.        20.        20.      ]
 [ 20.        20.        20.        20.        20.       100.
  100.       100.       100.       100.       100.        20.
   20.        20.        20.        20.      ]
 [ 20.        20.        85.9629    90.14609   92.13668   95.41354
   95.10455   95.47996   95.46884   95.09229   95.41351   92.15227
   90.28583   86.15602   20.        20.      ]
 [ 20.        20.        85.33491   89.209465  91.57968   94.13862
   93.06835   93.264534  93.25013   93.049446  94.13599   91.59398
   89.29349   85.48259   20.        20.      ]
 [ 20.        20.        83.90787   85.66522   88.298134  89.94439
   90.02218   90.24878   90.16307   89.9274    89.9541    88.36812
   85.90352   84.19704   20.        20.      ]
 [ 20.        20.        81.09891   83.29779   87.70806   88.65257
   87.80182   87.86517   87.83795   87.758995  88.641846  87.739136
   83.5379    81.38875   20.        20.      ]
 [ 20.        20.        81.13317   82.382545  83.58166   84.518684
   85.224655  85.40459   85.31496   85.125305  84.53887   83.6812
   82.64406   81.448746  20.        20.      ]
 [ 20.        20.        78.20606   79.97084   82.37619   83.0385
   83.42279   83.45958   83.431     83.3766    83.028076  82.42134
   80.2242    78.5106    20.        20.      ]
 [ 20.        20.        78.08812   79.084076  79.94939   80.65478
   81.34343   81.49145   81.40627   81.249725  80.67973   80.055504
   79.34656   78.40499   20.        20.      ]
 [ 20.        20.        75.43456   76.983284  79.04581   79.59374
   79.97616   80.00284   79.97564   79.932236  79.585434  79.09309
   77.23187   75.73346   20.        20.      ]
 [ 20.        20.        75.47264   76.34887   77.10988   77.70621
   78.37052   78.50256   78.42254   78.28333   77.73165   77.213615
   76.60034   75.77631   20.        20.      ]
 [ 20.        20.        73.16672   74.61425   76.555984  76.597916
   77.46026   77.48326   77.45878   77.42117   76.59094   76.602066
   74.84466   73.44573   20.        20.      ]
 [ 20.        20.        73.50922   74.31676   75.042     75.466125
   76.27565   76.40689   76.336914  76.20065   75.48736   75.13871
   74.54375   73.7849    20.        20.      ]
 [ 20.        20.        69.053185  72.4296    74.017105  74.46202
   75.33546   75.350464  75.33304   75.307594  74.45526   74.04002
   72.53771   69.29755   20.        20.      ]
 [ 20.        20.        20.        20.        20.        20.
   20.        20.        20.        20.        20.        20.
   20.        20.        20.        20.      ]
 [ 20.        20.        20.        20.        20.        20.
   20.        20.        20.        20.        20.        20.
   20.        20.        20.        20.      ]]
Timestep_6
Temperature
<HDF5 dataset "Temperature": shape (16, 16), type "<f4">
(16, 16) float32
(16, 16) float32
[[ 20.        20.        20.        20.        20.       100.
  100.       100.       100.       100.       100.        20.
   20.        20.        20.        20.      ]
 [ 20.        20.        20.        20.        20.       100.
  100.       100.       100.       100.       100.        20.
   20.        20.        20.        20.      ]
 [ 20.        20.        86.57384   90.63736   92.5757    95.701546
   95.42186   95.782524  95.77131   95.40958   95.70167   92.591805
   90.779015  86.77011   20.        20.      ]
 [ 20.        20.        86.017914  89.79245   92.08746   94.52893
   93.54247   93.733765  93.71921   93.52343   94.52643   92.10228
   89.87819   86.16856   20.        20.      ]
 [ 20.        20.        84.79478   86.513374  89.025     90.61187
   90.72168   90.9438    90.8572    90.62605   90.6222    89.09668
   86.75607   85.0894    20.        20.      ]
 [ 20.        20.        82.07592   84.26411   88.52765   89.455734
   88.682014  88.74568   88.718094  88.63865   89.4451    88.559685
   84.50907   82.37169   20.        20.      ]
 [ 20.        20.        82.22819   83.476234  84.660706  85.586975
   86.29044   86.46953   86.37849   86.18966   85.60802   84.76273
   83.74329   82.55047   20.        20.      ]
 [ 20.        20.        79.3949    81.18183   83.60128   84.264435
   84.63517   84.6742    84.645096  84.588165  84.25401   83.64776
   81.44106   79.70649   20.        20.      ]
 [ 20.        20.        79.396904  80.41188   81.28966   82.002846
   82.6935    82.843704  82.756714  82.597885  82.02868   81.398605
   80.680786  79.72148   20.        20.      ]
 [ 20.        20.        76.80351   78.3917    80.49884   81.058014
   81.42717   81.457436  81.4296    81.38227   81.04964   80.547516
   78.64677   77.110176  20.        20.      ]
 [ 20.        20.        76.93148   77.836784  78.62005   79.23337
   79.905014  80.04127   79.95919   79.81566   79.25963   78.72673
   78.095085  77.24335   20.        20.      ]
 [ 20.        20.        74.63657   76.1333    78.13366   78.19977
   79.04335   79.07067   79.04554   79.00326   78.19266   78.181114
   76.37022   74.92342   20.        20.      ]
 [ 20.        20.        75.02328   75.86499   76.6166    77.06598
   77.884254  78.02086   77.94892   77.80719   77.087906  76.716156
   76.09848   75.30679   20.        20.      ]
 [ 20.        20.        70.46206   73.973366  75.61192   76.07519
   76.95119   76.97022   76.95232   76.92256   76.06827   75.635544
   74.08464   70.713455  20.        20.      ]
 [ 20.        20.        20.        20.        20.        20.
   20.        20.        20.        20.        20.        20.
   20.        20.        20.        20.      ]
 [ 20.        20.        20.        20.        20.        20.
   20.        20.        20.        20.        20.        20.
   20.        20.        20.        20.      ]]
Timestep_7
Temperature
<HDF5 dataset "Temperature": shape (16, 16), type "<f4">
(16, 16) float32
(16, 16) float32
[[ 20.        20.        20.        20.        20.       100.
  100.       100.       100.       100.       100.        20.
   20.        20.        20.        20.      ]
 [ 20.        20.        20.        20.        20.       100.
  100.       100.       100.       100.       100.        20.
   20.        20.        20.        20.      ]
 [ 20.        20.        86.89995   90.89957   92.810036  95.85529
   95.59124   95.94403   95.93276   95.57893   95.85549   92.82642
   91.04227   87.097885  20.        20.      ]
 [ 20.        20.        86.38248   90.103615  92.35849   94.73727
   93.79553   93.984215  93.96959   93.776436  94.73484   92.37359
   90.19029   86.53469   20.        20.      ]
 [ 20.        20.        85.26818   86.96609   89.41299   90.968155
   91.09505   91.31477   91.22771   90.99898   90.97881   89.48557
   87.21114   85.565704  20.        20.      ]
 [ 20.        20.        82.59743   84.779884  88.9651    89.884445
   89.15183   89.21565   89.18787   89.10817   89.87385   88.997665
   85.02744   82.89633   20.        20.      ]
 [ 20.        20.        82.812675  84.06001   85.236664  86.1572
   86.859314  87.03796   86.94615   86.757774  86.17868   85.340004
   84.33002   83.13851   20.        20.      ]
 [ 20.        20.        80.029465  81.828224  84.25519   84.91879
   85.28227   85.322525  85.29313   85.23485   84.90838   84.30237
   82.09056   80.3448    20.        20.      ]
 [ 20.        20.        80.09548   81.12061   82.005035  82.72239
   83.41409   83.56548   83.47752   83.317474  82.74869   82.115486
   81.39293   80.424164  20.        20.      ]
 [ 20.        20.        77.534195  79.14344   81.274414  81.839584
   82.20167   82.23383   82.20566   82.15625   81.83117   81.32383
   79.40198   77.84499   20.        20.      ]
 [ 20.        20.        77.71016   78.63098   79.426125  80.04849
   80.724075  80.862564  80.77938   80.633545  80.075195  79.53436
   78.892914  78.02638   20.        20.      ]
 [ 20.        20.        75.421135  76.944115  78.97575   79.05477
   79.88835   79.917984  79.892494  79.84772   79.04759   79.02396
   77.1845    75.712166  20.        20.      ]
 [ 20.        20.        75.831436  76.69138   77.457085  77.91993
   78.74286   78.88234   78.80936   78.664696  77.9422    77.55813
   76.92834   76.11914   20.        20.      ]
 [ 20.        20.        71.214066  74.79736   76.46317   76.93623
   77.8136    77.8348    77.816635  77.78458   76.92923   76.48718
   74.91032   71.46922   20.        20.      ]
 [ 20.        20.        20.        20.        20.        20.
   20.        20.        20.        20.        20.        20.
   20.        20.        20.        20.      ]
 [ 20.        20.        20.        20.        20.        20.
   20.        20.        20.        20.        20.        20.
   20.        20.        20.        20.      ]]
Timestep_8
Temperature
<HDF5 dataset "Temperature": shape (16, 16), type "<f4">
(16, 16) float32
(16, 16) float32
[[ 20.        20.        20.        20.        20.       100.
  100.       100.       100.       100.       100.        20.
   20.        20.        20.        20.      ]
 [ 20.        20.        20.        20.        20.       100.
  100.       100.       100.       100.       100.        20.
   20.        20.        20.        20.      ]
 [ 20.        20.        87.074     91.03952   92.9351    95.93734
   95.68163   96.03023   96.01894   95.66932   95.93758   92.951645
   91.18278   87.27284   20.        20.      ]
 [ 20.        20.        86.57707   90.2697    92.50316   94.848465
   93.93061   94.1179    94.103226  93.91147   94.84608   92.51841
   90.356865  86.730125  20.        20.      ]
 [ 20.        20.        85.52086   87.20771   89.620056  91.158325
   91.29434   91.51278   91.42546   91.19801   91.16916   89.69313
   87.45403   85.81994   20.        20.      ]
 [ 20.        20.        82.87577   85.055176  89.19859   90.113266
   89.402596  89.466515  89.43861   89.35879   90.10269   89.23143
   85.30414   83.17636   20.        20.      ]
 [ 20.        20.        83.12465   84.3716    85.54408   86.461555
   87.16295   87.341354  87.249146  87.061     86.483284  85.648125
   84.64318   83.45239   20.        20.      ]
 [ 20.        20.        80.36816   82.17323   84.60422   85.26805
   85.62768   85.668564  85.63902   85.58001   85.257645  84.65178
   82.437256  80.68552   20.        20.      ]
 [ 20.        20.        80.46835   81.49891   82.38688   83.10646
   83.79873   83.950745  83.86227   83.70157   83.132996  82.49814
   81.773056  80.79924   20.        20.      ]
 [ 20.        20.        77.92421   79.544685  81.68838   82.25675
   82.61507   82.648254  82.619896  82.56935   82.248314  81.7382
   79.805084  78.23723   20.        20.      ]
 [ 20.        20.        78.12578   79.05489   79.85637   80.48358
   81.161255  81.30095   81.21718   81.07011   80.51052   79.965454
   79.31878   78.44435   20.        20.      ]
 [ 20.        20.        75.839905  77.3769    79.42523   79.51114
   80.33937   80.37023   80.34456   80.298454  79.50392   79.47383
   77.61914   76.133156  20.        20.      ]
 [ 20.        20.        76.262794  77.13248   77.905685  78.37574
   79.20116   79.34216   79.26861   79.1224    78.3982    78.00755
   77.371284  76.55273   20.        20.      ]
 [ 20.        20.        71.61546   75.23719   76.91754   77.39583
   78.27391   78.29627   78.27796   78.244675  77.38878   76.94175
   75.351036  71.87262   20.        20.      ]
 [ 20.        20.        20.        20.        20.        20.
   20.        20.        20.        20.        20.        20.
   20.        20.        20.        20.      ]
 [ 20.        20.        20.        20.        20.        20.
   20.        20.        20.        20.        20.        20.
   20.        20.        20.        20.      ]]
Timestep_9
Temperature
<HDF5 dataset "Temperature": shape (16, 16), type "<f4">
(16, 16) float32
(16, 16) float32
[[ 20.        20.        20.        20.        20.       100.
  100.       100.       100.       100.       100.        20.
   20.        20.        20.        20.      ]
 [ 20.        20.        20.        20.        20.       100.
  100.       100.       100.       100.       100.        20.
   20.        20.        20.        20.      ]
 [ 20.        20.        87.16691   91.114235  93.00187   95.98114
   95.72989   96.07624   96.06494   95.71757   95.98141   93.018486
   91.257774  87.36623   20.        20.      ]
 [ 20.        20.        86.68095   90.35835   92.58037   94.907814
   94.0027    94.189255  94.17456   93.98354   94.90545   92.5957
   90.44578   86.83444   20.        20.      ]
 [ 20.        20.        85.65573   87.33669   89.7306    91.25983
   91.40071   91.61847   91.53103   91.30426   91.27076   89.80393
   87.58368   85.955635  20.        20.      ]
 [ 20.        20.        83.02435   85.202126  89.32323   90.2354
   89.53644   89.60042   89.57246   89.49255   90.22484   89.3562
   85.45182   83.32585   20.        20.      ]
 [ 20.        20.        83.29117   84.53792   85.708176  86.62401
   87.32503   87.503296  87.41087   87.222855  86.64586   85.8126
   84.81035   83.61992   20.        20.      ]
 [ 20.        20.        80.54895   82.357376  84.79051   85.454475
   85.812035  85.85327   85.82365   85.764244  85.44408   84.838264
   82.6223    80.86736   20.        20.      ]
 [ 20.        20.        80.66737   81.70082   82.5907    83.311455
   84.00403   84.15638   84.06762   83.90657   83.33813   82.70237
   81.975945  80.99943   20.        20.      ]
 [ 20.        20.        78.13238   79.758865  81.90933   82.479416
   82.83572   82.86945   82.840996  82.78986   82.47097   81.959366
   80.02024   78.44657   20.        20.      ]
 [ 20.        20.        78.34762   79.28115   80.08601   80.71581
   81.39459   81.53493   81.45084   81.30312   80.74287   80.19554
   79.546074  78.66743   20.        20.      ]
 [ 20.        20.        76.063416  77.607895  79.665146  79.754715
   80.58012   80.611626  80.58585   80.53905   79.74748   79.71395
   77.85112   76.35785   20.        20.      ]
 [ 20.        20.        76.49304   77.36791   78.145134  78.619026
   79.44577   79.58759   79.51374   79.36671   78.64159   78.24741
   77.6077    76.78415   20.        20.      ]
 [ 20.        20.        71.82969   75.471954  77.160065  77.64113
   78.519615  78.54258   78.5242    78.490265  77.63406   77.18437
   75.58628   72.08793   20.        20.      ]
 [ 20.        20.        20.        20.        20.        20.
   20.        20.        20.        20.        20.        20.
   20.        20.        20.        20.      ]
 [ 20.        20.        20.        20.        20.        20.
   20.        20.        20.        20.        20.        20.
   20.        20.        20.        20.      ]]
